-0.60709087 1.468697314
-0.700387209 2.039708496
0.563788814 2.493215981
-0.609227018 3.553811657
0.081742671 1.004418683
-0.736975841 3.152817081
-1.408920139 1.831702774
-2.665117895 1.165807681
-0.098026229 4.538201189
-0.457799288 1.644233556
-0.967816693 2.748725763
-0.317850011 5.157467166
-0.289410293 0.512302176
-0.72586744 0.642742833
0.747717578 0.972581706
-0.815423031 0.138595417
-1.33248509 0.889406835
0.425659652 1.009585475
1.280468548 3.174742239
-0.486642077 -1.382228064
-1.120807921 -0.68893741
0.248471668 1.597684841
-0.289500035 1.213175438
-1.429667353 0.609314286
-0.553636057 3.144548083
0.133953969 0.521314652
0.057886631 3.337872799
-0.585973926 0.630283024
-0.899791046 0.852185163
2.55160847 0.934141719
-0.35363897 3.441119682
0.236192382 3.13619075
0.750266946 1.603137621
-0.339693877 2.343755573
-1.302945654 -0.246175638
0.833710046 0.848515895
-1.089705849 2.829813075
0.131232917 4.020008338
-0.662481433 2.383315009
-0.661825344 0.464450959
1.023229962 0.151154484
0.109898865 -0.345473595
-0.085893629 1.572418588
-0.57649489 0.842247804
-1.064814528 0.245284059
-0.495572405 2.595359323
-0.661623535 0.29355006
-0.795898292 1.391280147
-0.309114062 0.496979326
0.231854691 -0.496738625
-1.332912481 2.122278305
-1.498005204 1.288346206
-2.075546866 0.141005305
-0.799459967 2.44648425
-0.808166755 1.454257192
0.148358638 1.482467906
-1.897062582 1.339656539
-0.285373898 2.792979362
-0.741747897 2.803906799
-0.73484721 1.413763622
-0.173685284 2.860620735
-0.512768884 4.532300226
-0.791254502 2.357718783
0.187025324 1.32814843
-0.127135544 3.596966057
1.73613138 2.052106187
-0.306335398 -0.041863785
-0.693944695 -0.599000233
-0.41998983 4.354440852
0.219159305 -0.77010971
-1.244516286 1.087717898
1.013257685 1.508289503
-1.152025317 1.873006618
-0.717709444 1.829774578
-0.944027983 2.255489308
-0.998269303 2.317263796
-1.01882083 1.319959722
-0.020499597 2.742828295
0.360727246 2.519457021
0.891647197 0.016497368
0.714156598 1.740598377
-0.329997701 1.241984733
0.252800585 0.561779807
-0.031074389 3.057552626
-0.878176978 3.72671484
0.042937266 2.840591692
0.511260444 3.225175539
-0.966081058 1.18188869
-0.521452781 2.094698992
0.204968817 2.577648775
-0.102839183 2.542205401
-0.454539766 -0.542317753
-0.285866554 3.101798196
-1.014893076 -0.134291378
0.238982106 1.374791086
-0.935917962 0.150303418
0.359904333 0.4393973
-1.621094369 0.876347846
-0.649912905 1.813598399
-0.012490675 3.552730308
-1.062199461 -0.47363183
-0.442401947 2.828051518
-0.778308782 0.735011728
-1.47267388 2.464927171
-1.390253872 2.547315828
-0.544179972 -0.656291403
0.004422218 2.310407932
-0.556901382 2.852569396
-1.217337142 1.502577817
-0.051198893 1.093384479
