2.883982982 -2.524369145
1.568784691 -0.591645833
2.526762981 -1.214750327
2.616855072 -0.694520105
0.861736365 -4.892089417
0.975526219 -2.314301631
3.844748292 -0.292014639
1.323257152 -3.598349492
2.934267359 -2.932174348
1.640786179 -0.430529495
1.38211192 0.606849113
2.448946534 -5.275930113
2.042292349 0.890860424
1.536803229 -3.471464136
1.772943624 -2.327338558
2.405978322 -1.548214186
3.27643937 -2.652485965
2.776501884 -3.757043805
0.549800996 1.050292183
2.513509482 0.965193677
1.857710065 -4.491321258
2.393669464 -0.144101
1.785579395 1.779466181
1.024061505 0.384164813
1.662099563 -0.5854881
1.145471381 -3.005200247
3.162916928 -2.496364639
1.283614149 1.933202489
1.787408487 -2.862220543
2.267157146 2.110956483
1.411498598 -1.772589924
1.97937495 -0.408408834
0.500020349 -2.750142939
3.580527505 -2.824645017
1.714458552 -4.758002762
2.701901453 -2.0888328
2.367588565 2.997281004
1.008013399 -2.982122503
1.708875078 -3.054841177
1.761626132 -0.401972987
1.850858047 -4.622004898
1.775761804 -2.604524561
1.061979262 -5.091911877
2.414323753 -6.25628477
2.454382803 -0.401620904
2.651207851 -2.922791908
2.689728038 -1.256699632
2.582130849 -5.636940666
3.474277129 -0.472906537
2.846973028 -0.123636099
1.618587986 -4.645958486
2.392557585 -2.632180426
1.102490361 -1.131771011
1.069293429 -4.782123299
2.806475638 -1.851329424
3.373332516 -2.64214491
2.574766352 -3.900977043
1.067999614 -0.571840113
1.985908537 0.733101981
1.853671225 -2.576182298
2.970964573 -0.907160289
1.12383712 -1.634480876
2.190884392 -4.253126925
2.768248421 -1.914663708
2.464695313 -2.42479296
1.655986357 -2.520819984
2.383324259 -1.465245737
1.083218995 -3.792033723
1.993207384 -4.06017919
2.714222179 0.716554364
2.661610781 -2.88137767
2.582250836 2.121101265
2.822720232 0.233636048
1.348072098 -1.32261242
1.741574997 -3.887639767
2.931396769 -0.692772151
2.547321877 -2.589092569
2.18811896 -0.970260397
2.00411926 -4.432683207
2.637971536 -2.166127547
1.912186381 -4.19511787
3.149003279 -2.07572282
2.519152495 -1.783278646
2.142684658 -2.688915042
0.76680148 -5.982043614
3.290433272 -2.620970952
1.50339942 -3.637773896
0.693153095 -2.77906827
1.929645238 -3.571461619
1.892947359 -4.291459344
2.691837897 -1.051943746
2.999750768 0.339328245
2.972677333 -1.24158913
1.610201313 -0.208616266
2.466145524 0.296597004
1.971180075 -2.73430277
1.697490557 0.379322626
3.711854236 -0.842015862
1.347895739 0.337319433
2.875775971 0.643996333
1.436523919 -1.280681965
1.963665997 -3.837000762
2.670669175 -5.805855975
2.554975365 0.044764477
1.800332053 -6.861459161
2.331244485 -1.518761864
2.556272829 -3.985429642
1.801283298 -0.930314796
3.467189001 -2.74171389
2.339511005 -0.603325462
